1010101010,7777777,7777777,2025-12-23
1010101011,7777771,7777771,2025-12-24
0000000001,7777772,7777772,2025-12-25
0000000002,7777773,7777773,2025-12-26
0000000003,7777774,7777774,2025-12-27
0000000004,1111111,7777777,2025-12-28
0000000005,2222222,7777777,2025-12-29
0000000006,2222221,7777771,2025-12-30
0000000007,2222223,7777772,2025-12-31
0000000008,2222224,7777772,2026-01-01
0000000009,2222225,7777773,2026-01-02
0000000010,2222226,7777773,2026-01-03
0000000011,2222227,7777773,2026-01-04
0000000012,2222228,7777774,2026-01-05
0000000013,2222229,7777774,2026-01-06
0000000014,4333333,7777774,2026-01-07